 # Dynamic input parameters
 f0        =   2.9999999999999999E-002
 omega0    =  0.11400000000000000     
 pfai      =   0.0000000000000000     
 t_end     =   1102.3132117858922     
 t_ini     =  -1102.3132117858922     
 nsteps    =       10000
 noc       =           5
 ntau       =           8
 src_type  =           3
 omg       =   1.0000000000000000     
 order     =           2
 struct =data/struct_20260404_192707_4032527/
