 nmax =         899
 snbr =         100
 nnbr =          10
 xmin =  -500.00000000000000     
 xmax =   500.00000000000000     
 jac  =   5.0000000000000000     
